########################## FILTER u ###########################

#CCD	AIRMASS	k_COEFF	K_COEFF	BACK_SIGMA	ZP	ZP_ERR
S1	1.061	0.3209	0.3913	0.0037003	23.5339	0.0836
S2	1.061	0.3653	0.3913	0.0024897	23.5281	0.0436
S3	1.061	0.3571	0.3913	0.0014016	23.5167	0.0826
S4	1.061	0.3652	0.3913	0.0035694	23.5348	0.2402
S5	1.061	0.4108	0.3913	0.0025495	23.5471	0.1331
S6	1.061	0.4181	0.3913	0.0012598	23.5116	0.1751
S7	1.061	0.5411	0.3913	999999999	23.5267	0.1411
S8	1.061	0.3735	0.3913	0.0067279	23.4885	0.0963
S9	1.061	0.3832	0.3913	0.0030918	23.5456	0.2155
S10	1.061	0.3805	0.3913	0.0035672	23.4931	0.8658
S11	1.061	0.3869	0.3913	0.0012614	23.5584	0.1612
S12	1.061	0.4105	0.3913	0.0021659	23.4902	0.1596
S13	1.061	0.4015	0.3913	0.0015096	23.4526	0.1244
S14	1.061	0.3811	0.3913	0.0014948	23.5374	0.1031
S15	1.061	0.3826	0.3913	0.0018643	23.5787	0.1077
S16	1.061	0.3930	0.3913	0.0017091	23.5724	0.1324
S17	1.061	0.3929	0.3913	0.0034350	23.5126	0.1141
S18	1.061	0.4324	0.3913	0.0034268	23.4262	0.1399
S19	1.061	0.4442	0.3913	0.0014766	23.4688	0.1206
S20	1.061	0.3849	0.3913	0.0036942	23.5626	0.1981
S21	1.061	0.3993	0.3913	0.0033412	23.4709	0.1348
S22	1.061	0.3956	0.3913	0.0023860	23.5638	0.2189
S23	1.061	0.4057	0.3913	0.0019830	23.5963	0.0806
S24	1.061	0.4282	0.3913	0.0044891	23.4803	0.1459
S25	1.061	0.3645	0.3913	0.0015138	23.5622	0.1441
S26	1.061	0.3950	0.3913	0.0026876	23.5475	0.1623
S27	1.061	0.3953	0.3913	0.0016488	23.5631	0.0754
S28	1.061	0.4098	0.3913	0.0020192	23.5764	0.1037
S29	1.061	0.4041	0.3913	0.0019598	23.5875	0.1291
S30	1.061	0.4059	0.3913	0.0045401	23.5198	0.1099
S31	1.061	0.4105	0.3913	0.0016707	23.5630	0.1200
N1	1.061	0.3692	0.3913	0.0059345	23.4546	0.1519
N2	1.061	0.3777	0.3913	0.0045234	23.4676	0.1324
N3	1.061	0.3222	0.3913	0.0060464	23.4642	0.1685
N4	1.061	0.3986	0.3913	0.0022320	23.5092	0.0842
N5	1.061	0.3903	0.3913	0.0018414	23.4820	0.1793
N6	1.061	0.4146	0.3913	0.0026389	23.4660	0.1599
N7	1.061	0.4209	0.3913	0.0011377	23.4705	0.2323
N8	1.061	0.3951	0.3913	0.0015011	23.4890	0.1129
N9	1.061	0.3389	0.3913	0.0022895	23.5313	0.1618
N10	1.061	0.3602	0.3913	0.0051334	23.4862	0.0882
N11	1.061	0.3784	0.3913	0.0016548	23.4956	0.1297
N12	1.061	0.4527	0.3913	0.0042524	23.4736	0.1074
N13	1.061	0.4245	0.3913	0.0032965	23.3898	0.1251
N14	1.061	0.3817	0.3913	0.0065294	23.5428	0.0983
N15	1.061	0.3648	0.3913	0.0014075	23.5089	0.2263
N16	1.061	0.3473	0.3913	0.0018794	23.4628	0.1693
N17	1.061	0.3708	0.3913	0.0015057	23.4861	0.1481
N18	1.061	0.3866	0.3913	0.0012885	23.4712	0.1613
N19	1.061	0.4268	0.3913	0.0053101	23.4897	0.1284
N20	1.061	0.3480	0.3913	0.0024796	23.4097	0.1500
N21	1.061	0.4030	0.3913	0.0018524	23.3931	0.2376
N22	1.061	0.3779	0.3913	0.0024581	23.4702	0.1955
N23	1.061	0.3834	0.3913	0.0023623	23.4405	0.1198
N24	1.061	0.4139	0.3913	0.0049818	23.4916	0.1100
N25	1.061	0.3170	0.3913	0.0014287	23.4580	0.1540
N26	1.061	0.4076	0.3913	0.0016740	23.4534	0.3152
N27	1.061	0.3607	0.3913	0.0024117	23.4761	0.1220
N28	1.061	0.3776	0.3913	0.0016794	23.3872	0.1230
N29	1.061	0.3839	0.3913	0.0016659	23.5359	0.1409
N30	1.061	999999	999999	999999999	9999999	999999
N31	1.061	0.4917	0.3913	0.0066633	23.4430	0.1464

########################## FILTER g ###########################

#CCD	AIRMASS	k_COEFF	K_COEFF	BACK_SIGMA	ZP	ZP_ERR
S1	1.01	0.2	0.2	0.0041868	25.4573	0.3312
S2	1.01	0.2	0.2	0.0037156	25.4208	0.2672
S3	1.01	0.2	0.2	0.0022322	25.3737	0.4335
S4	1.01	0.2	0.2	0.0059207	25.3837	0.2736
S5	1.01	0.2	0.2	0.0104314	25.3556	0.2393
S6	1.01	0.2	0.2	0.0017854	25.4033	0.2864
S7	1.01	0.2	0.2	999999999	25.7826	0.2421
S8	1.01	0.2	0.2	0.0142418	25.4333	0.2449
S9	1.01	0.2	0.2	0.0038992	25.3995	0.1382
S10	1.01	0.2	0.2	0.0018545	25.3666	0.2048
S11	1.01	0.2	0.2	0.0014262	25.3675	0.3238
S12	1.01	0.2	0.2	0.0059037	25.3754	0.1249
S13	1.01	0.2	0.2	0.0018676	25.4192	0.3380
S14	1.01	0.2	0.2	0.0024444	25.4398	0.4026
S15	1.01	0.2	0.2	0.0041858	25.4274	0.4242
S16	1.01	0.2	0.2	0.0036755	25.3940	0.2625
S17	1.01	0.2	0.2	0.0021727	25.3735	0.1500
S18	1.01	0.2	0.2	0.0013560	25.3937	0.1254
S19	1.01	0.2	0.2	0.0031969	25.4322	0.3300
S20	1.01	0.2	0.2	0.0017085	25.4279	0.3175
S21	1.01	0.2	0.2	0.0021764	25.4169	0.2004
S22	1.01	0.2	0.2	0.0053344	25.4036	0.3494
S23	1.01	0.2	0.2	0.0016227	25.3975	0.0497
S24	1.01	0.2	0.2	0.0063577	25.4261	0.2301
S25	1.01	0.2	0.2	0.0024250	25.4328	0.1807
S26	1.01	0.2	0.2	0.0144529	25.4162	0.4856
S27	1.01	0.2	0.2	0.0021276	25.4169	0.0637
S28	1.01	0.2	0.2	0.0020575	25.4251	0.2631
S29	1.01	0.2	0.2	0.0032169	25.4477	0.2201
S30	1.01	0.2	0.2	0.0185675	25.4274	0.0952
S31	1.01	0.2	0.2	0.0027860	25.4505	0.3334
N1	1.01	0.2	0.2	0.0012102	25.4408	0.2215
N2	1.01	0.2	0.2	0.0031182	25.4143	0.2734
N3	1.01	0.2	0.2	0.0218214	25.3780	0.2369
N4	1.01	0.2	0.2	0.0051273	25.3900	0.0855
N5	1.01	0.2	0.2	0.0053725	25.3926	0.2247
N6	1.01	0.2	0.2	0.0100178	25.4042	0.3884
N7	1.01	0.2	0.2	0.0021512	25.4380	0.2547
N8	1.01	0.2	0.2	0.0033199	25.4272	0.2955
N9	1.01	0.2	0.2	0.0067409	25.4059	0.3259
N10	1.01	0.2	0.2	0.0026741	25.3829	0.3361
N11	1.01	0.2	0.2	0.0016762	25.3798	0.2901
N12	1.01	0.2	0.2	0.0014433	25.3952	0.1926
N13	1.01	0.2	0.2	0.0056347	25.4264	0.2648
N14	1.01	0.2	0.2	0.0022353	25.4394	0.2219
N15	1.01	0.2	0.2	0.0024600	25.4202	0.2346
N16	1.01	0.2	0.2	0.0084005	25.3945	0.2712
N17	1.01	0.2	0.2	0.0041448	25.3855	0.2114
N18	1.01	0.2	0.2	0.0047988	25.4124	0.2096
N19	1.01	0.2	0.2	0.0032994	25.4346	0.1449
N20	1.01	0.2	0.2	0.0033653	25.4427	0.2373
N21	1.01	0.2	0.2	0.0070662	25.4304	0.2155
N22	1.01	0.2	0.2	0.0029667	25.4100	0.1176
N23	1.01	0.2	0.2	0.0026083	25.4105	0.2805
N24	1.01	0.2	0.2	0.0011699	25.4499	0.1621
N25	1.01	0.2	0.2	0.0040055	25.4435	0.3119
N26	1.01	0.2	0.2	0.0043374	25.4438	0.0697
N27	1.01	0.2	0.2	0.0189669	25.4333	0.2787
N28	1.01	0.2	0.2	0.0027789	25.4407	0.3680
N29	1.01	0.2	0.2	0.0065883	25.4477	0.2258
N30	1.01	0.2	0.2	999999999	9999999	999999		
N31	1.01	0.2	0.2	0.0012135	25.4434	0.1782

########################## FILTER r ###########################

#CCD	AIRMASS	k_COEFF	K_COEFF	BACK_SIGMA	ZP	ZP_ERR
S1	1.065	0.10	0.10	0.0027433	25.4058	0.2293
S2	1.065	0.10	0.10	0.0016382	25.3735	0.2025
S3	1.065	0.10	0.10	0.0013628	25.4037	0.2762
S4	1.065	0.10	0.10	0.0023934	25.3765	0.1608
S5	1.065	0.10	0.10	0.0061383	25.4125	0.2252
S6	1.065	0.10	0.10	0.0008462	25.4056	0.1618
S7	1.065	0.10	0.10	999999999	25.4400	0.2460
S8	1.065	0.10	0.10	0.0042016	25.3731	0.3704
S9	1.065	0.10	0.10	0.0009485	25.3496	0.2233
S10	1.065	0.10	0.10	0.0008390	25.3731	0.1910
S11	1.065	0.10	0.10	0.0009511	25.3416	0.1982
S12	1.065	0.10	0.10	0.0010132	25.4279	0.3195
S13	1.065	0.10	0.10	0.0007537	25.4096	0.2381
S14	1.065	0.10	0.10	0.0014462	25.4213	0.1398
S15	1.065	0.10	0.10	0.0018890	25.3675	0.2340
S16	1.065	0.10	0.10	0.0009996	25.4671	0.1808
S17	1.065	0.10	0.10	0.0009823	25.3865	0.2765
S18	1.065	0.10	0.10	0.0008273	25.3733	0.1614
S19	1.065	0.10	0.10	0.0021489	25.3908	0.1976
S20	1.065	0.10	0.10	0.0019045	25.4051	0.3938
S21	1.065	0.10	0.10	0.0009171	25.4114	0.2380
S22	1.065	0.10	0.10	0.0023218	25.4622	0.2661
S23	1.065	0.10	0.10	0.0008401	25.3666	0.2300
S24	1.065	0.10	0.10	0.0017539	25.3936	0.1889
S25	1.065	0.10	0.10	0.0011439	25.4433	0.2595
S26	1.065	0.10	0.10	0.0014296	25.4491	0.2169
S27	1.065	0.10	0.10	0.0008694	25.4220	0.2686
S28	1.065	0.10	0.10	0.0008384	25.4052	0.1775
S29	1.065	0.10	0.10	0.0013752	25.4620	0.1822
S30	1.065	0.10	0.10	0.0030736	25.4047	0.1893
S31	1.065	0.10	0.10	0.0019137	25.4086	0.2836
N1	1.065	0.10	0.10	0.0008771	25.3708	0.2189
N2	1.065	0.10	0.10	0.0020825	25.3581	0.2190
N3	1.065	0.10	0.10	0.0235560	25.2989	0.2239
N4	1.065	0.10	0.10	0.0040901	25.3985	0.3270
N5	1.065	0.10	0.10	0.0022521	25.3826	0.3378
N6	1.065	0.10	0.10	0.0108609	25.4443	0.2787
N7	1.065	0.10	0.10	0.0012149	25.4800	0.2202
N8	1.065	0.10	0.10	0.0016594	25.4431	0.3402
N9	1.065	0.10	0.10	0.0016965	25.3559	0.1833
N10	1.065	0.10	0.10	0.0016476	25.3783	0.1994
N11	1.065	0.10	0.10	0.0011407	25.4349	0.2048
N12	1.065	0.10	0.10	0.0008245	25.4101	0.2291
N13	1.065	0.10	0.10	0.0080427	25.3899	0.2065
N14	1.065	0.10	0.10	0.0010471	25.4286	0.4175
N15	1.065	0.10	0.10	0.0017633	25.3925	0.2290
N16	1.065	0.10	0.10	0.0041386	25.3004	0.2691
N17	1.065	0.10	0.10	0.0021216	25.3672	0.2202
N18	1.065	0.10	0.10	0.0045603	25.3668	0.2179
N19	1.065	0.10	0.10	0.0310890	25.4067	0.3278
N20	1.065	0.10	0.10	0.0012276	25.4029	0.3594
N21	1.065	0.10	0.10	0.0033919	25.3770	0.2035
N22	1.065	0.10	0.10	0.0013733	25.4285	0.3040
N23	1.065	0.10	0.10	0.0011880	25.3639	0.1712
N24	1.065	0.10	0.10	0.0009260	25.3724	0.2415
N25	1.065	0.10	0.10	0.0026886	25.3951	0.2022
N26	1.065	0.10	0.10	0.0014491	25.3529	0.2217
N27	1.065	0.10	0.10	0.0144821	25.3964	0.2470
N28	1.065	0.10	0.10	0.0016649	25.3686	0.2104
N29	1.065	0.10	0.10	0.0044338	25.3983	0.1794
N30	1.065	0.10	0.10	999999999	9999999	999999		
N31	1.065	0.10	0.10	0.0045535	25.4175	0.1307

########################## FILTER i ###########################

#CCD	AIRMASS	k_COEFF	K_COEFF	BACK_SIGMA	ZP	ZP_ERR
S1	1.01	0.06	0.06	0.0008474	25.4051	0.2455
S2	1.01	0.06	0.06	0.0010465	25.3804	0.1391
S3	1.01	0.06	0.06	0.0008345	25.3694	0.1729
S4	1.01	0.06	0.06	0.0009268	25.3625	0.1205
S5	1.01	0.06	0.06	0.0016866	25.3749	0.1631
S6	1.01	0.06	0.06	0.0005961	25.3905	0.1433
S7	1.01	0.06	0.06	999999999	25.4262	0.1849
S8	1.01	0.06	0.06	0.0021493	25.4011	0.1326
S9	1.01	0.06	0.06	0.0007927	25.3834	0.1381
S10	1.01	0.06	0.06	0.0007158	25.3749	0.1523
S11	1.01	0.06	0.06	0.0009739	25.3794	0.1526
S12	1.01	0.06	0.06	0.0007534	25.3900	0.1875
S13	1.01	0.06	0.06	0.0007002	25.3936	0.1776
S14	1.01	0.06	0.06	0.0008808	25.4113	0.1780
S15	1.01	0.06	0.06	0.0007147	25.3925	0.0400
S16	1.01	0.06	0.06	0.0009134	25.3862	0.2481
S17	1.01	0.06	0.06	0.0007598	25.3823	0.1858
S18	1.01	0.06	0.06	0.0007802	25.3950	0.1502
S19	1.01	0.06	0.06	0.0006897	25.4158	0.0885
S20	1.01	0.06	0.06	0.0007811	25.4088	0.2049
S21	1.01	0.06	0.06	0.0008548	25.3930	0.1309
S22	1.01	0.06	0.06	0.0010759	25.3872	0.1558
S23	1.01	0.06	0.06	0.0008339	25.4003	0.1545
S24	1.01	0.06	0.06	0.0011560	25.4171	0.1140
S25	1.01	0.06	0.06	0.0007177	25.4067	0.1352
S26	1.01	0.06	0.06	0.0007317	25.4041	0.2037
S27	1.01	0.06	0.06	0.0006643	25.4047	0.0855
S28	1.01	0.06	0.06	0.0007813	25.4138	0.1852
S29	1.01	0.06	0.06	0.0006781	25.4138	0.1352
S30	1.01	0.06	0.06	0.0012788	25.4126	0.2081
S31	1.01	0.06	0.06	0.0007367	25.4196	0.2207
N1	1.01	0.06	0.06	0.0006403	25.4152	0.1842
N2	1.01	0.06	0.06	0.0009742	25.3943	0.1937
N3	1.01	0.06	0.06	0.0008977	25.3799	0.1750
N4	1.01	0.06	0.06	0.0060431	25.3811	0.3821
N5	1.01	0.06	0.06	0.0037352	25.3906	0.1428
N6	1.01	0.06	0.06	0.0095073	25.3953	0.0748
N7	1.01	0.06	0.06	0.0007157	25.4242	0.2440
N8	1.01	0.06	0.06	0.0007616	25.4148	0.2804
N9	1.01	0.06	0.06	0.0025528	25.3924	0.0017
N10	1.01	0.06	0.06	0.0007537	25.3811	0.2206
N11	1.01	0.06	0.06	0.0008741	25.3799	0.2104
N12	1.01	0.06	0.06	0.0007041	25.3880	0.2390
N13	1.01	0.06	0.06	0.0016599	25.4021	0.1476
N14	1.01	0.06	0.06	0.0008357	25.4162	0.3030
N15	1.01	0.06	0.06	0.0006850	25.3947	0.2033
N16	1.01	0.06	0.06	0.0230775	25.3884	0.1336
N17	1.01	0.06	0.06	0.0008266	25.3897	0.2095
N18	1.01	0.06	0.06	0.0033041	25.3916	0.1250
N19	1.01	0.06	0.06	0.0105295	25.4077	0.2001
N20	1.01	0.06	0.06	0.0009932	25.4115	0.3552
N21	1.01	0.06	0.06	0.0018806	25.3958	0.2023
N22	1.01	0.06	0.06	0.0011007	25.3896	0.1087
N23	1.01	0.06	0.06	0.0007938	25.3958	0.1038
N24	1.01	0.06	0.06	0.0006911	25.4041	0.1567
N25	1.01	0.06	0.06	0.0007884	25.4117	0.1696
N26	1.01	0.06	0.06	0.0008013	25.4080	0.0756
N27	1.01	0.06	0.06	0.0123749	25.4078	0.1850
N28	1.01	0.06	0.06	0.0007505	25.4070	0.1310
N29	1.01	0.06	0.06	0.0012269	25.4197	0.1532
N30	1.01	0.06	0.06	999999999	9999999	999999		
N31	1.01	0.06	0.06	0.0220137	25.4202	0.1414

########################## FILTER z ###########################

#CCD	AIRMASS	k_COEFF	K_COEFF	BACK_SIGMA	ZP	ZP_ERR
S1	1.046	0.07	0.07	0.0006869	25.1475	0.1349
S2	1.046	0.07	0.07	0.0011979	25.1315	0.0861
S3	1.046	0.07	0.07	0.0015799	25.0751	0.1050
S4	1.046	0.07	0.07	0.0013610	25.1101	0.0807
S5	1.046	0.07	0.07	0.0007996	25.1172	0.1211
S6	1.046	0.07	0.07	0.0007131	25.1259	0.1165
S7	1.046	0.07	0.07	999999999	25.1480	0.2490
S8	1.046	0.07	0.07	0.0052121	25.1463	0.1325
S9	1.046	0.07	0.07	0.0006095	25.1146	0.0605
S10	1.046	0.07	0.07	0.0011792	25.1103	0.1540
S11	1.046	0.07	0.07	0.0008214	25.1018	0.1640
S12	1.046	0.07	0.07	0.0006564	25.1359	0.0895
S13	1.046	0.07	0.07	0.0010269	25.1410	0.0855
S14	1.046	0.07	0.07	0.0006859	25.1571	0.1297
S15	1.046	0.07	0.07	0.0006735	25.1320	0.0374
S16	1.046	0.07	0.07	0.0006802	25.1170	0.2574
S17	1.046	0.07	0.07	0.0007250	25.1102	0.1274
S18	1.046	0.07	0.07	0.0007530	25.1406	0.1984
S19	1.046	0.07	0.07	0.0005927	25.1533	0.0670
S20	1.046	0.07	0.07	0.0006729	25.1524	0.1980
S21	1.046	0.07	0.07	0.0007344	25.1402	0.0892
S22	1.046	0.07	0.07	0.0013090	25.1312	0.1770
S23	1.046	0.07	0.07	0.0010729	25.1357	0.0419
S24	1.046	0.07	0.07	0.0007348	25.1621	0.0453
S25	1.046	0.07	0.07	0.0007202	25.1530	0.1541
S26	1.046	0.07	0.07	0.0016173	25.1335	0.0981
S27	1.046	0.07	0.07	0.0006749	25.1466	0.3131
S28	1.046	0.07	0.07	0.0008120	25.1546	0.1410
S29	1.046	0.07	0.07	0.0870276	25.1729	0.1952
S30	1.046	0.07	0.07	0.1366686	25.1764	0.1464
S31	1.046	0.07	0.07	0.0205694	25.1683	0.1571
N1	1.046	0.07	0.07	0.0006808	25.1551	0.0420
N2	1.046	0.07	0.07	0.0016301	25.1251	0.0477
N3	1.046	0.07	0.07	0.0042670	25.0975	0.1019
N4	1.046	0.07	0.07	0.0023871	25.1005	0.0836
N5	1.046	0.07	0.07	0.0010567	25.0998	0.1546
N6	1.046	0.07	0.07	0.0164730	25.1509	0.0916
N7	1.046	0.07	0.07	0.0006907	25.1553	0.1236
N8	1.046	0.07	0.07	0.0023997	25.1504	0.1454
N9	1.046	0.07	0.07	0.0009501	25.1209	0.1087
N10	1.046	0.07	0.07	0.0013805	25.1035	0.0762
N11	1.046	0.07	0.07	0.0007636	25.0905	0.2946
N12	1.046	0.07	0.07	0.0006218	25.1148	0.1533
N13	1.046	0.07	0.07	0.0054403	25.1609	0.1181
N14	1.046	0.07	0.07	0.0007816	25.1689	0.2780
N15	1.046	0.07	0.07	0.0010037	25.1301	0.2373
N16	1.046	0.07	0.07	0.0051928	25.1072	0.1436
N17	1.046	0.07	0.07	0.0010612	25.0934	0.1352
N18	1.046	0.07	0.07	0.0034639	25.1346	0.0959
N19	1.046	0.07	0.07	0.0111063	25.1513	0.0965
N20	1.046	0.07	0.07	0.0011232	25.1638	0.1704
N21	1.046	0.07	0.07	0.0016126	25.1392	0.1101
N22	1.046	0.07	0.07	0.0007020	25.1246	0.1480
N23	1.046	0.07	0.07	0.0033925	25.1343	0.1230
N24	1.046	0.07	0.07	0.0007256	25.1493	0.0889
N25	1.046	0.07	0.07	0.0009430	25.1485	0.1331
N26	1.046	0.07	0.07	0.0035491	25.1380	0.0986
N27	1.046	0.07	0.07	0.0062161	25.1394	0.1375
N28	1.046	0.07	0.07	0.0017253	25.1514	0.0345
N29	1.046	0.07	0.07	0.0871455	25.1342	0.1066
N30	1.046	0.07	0.07	999999999	9999999	999999		
N31	1.046	0.07	0.07	0.0527042	25.1518	0.2587

########################## FILTER Y ###########################

#CCD	AIRMASS	k_COEFF	K_COEFF	BACK_SIGMA	ZP	ZP_ERR
S1	1.405	0.1172	0.1228	0.0147177	24.0773	0.0761
S2	1.405	0.1179	0.1228	0.0008915	23.9843	0.2238
S3	1.405	0.1133	0.1228	0.0008124	24.0199	0.2403
S4	1.405	0.1229	0.1228	0.0007382	24.0889	0.1340
S5	1.405	0.1228	0.1228	0.0007693	24.0749	0.1291
S6	1.405	0.1225	0.1228	0.0903842	24.0732	0.2124
S7	1.405	0.1323	0.1228	999999999	24.0819	0.1267
S8	1.405	0.1199	0.1228	0.0010576	24.0997	0.6328
S9	1.405	0.1198	0.1228	0.0008946	24.0613	0.1393
S10	1.405	0.1197	0.1228	0.0007977	24.0671	0.1498
S11	1.405	0.1223	0.1228	0.0008539	24.0556	0.1278
S12	1.405	0.1325	0.1228	0.0005909	24.0666	0.1373
S13	1.405	0.1335	0.1228	0.0014582	24.0682	0.1182
S14	1.405	0.1160	0.1228	0.0007807	24.1233	0.1987
S15	1.405	0.1193	0.1228	0.0008247	24.0508	0.1700
S16	1.405	0.1252	0.1228	0.0009098	24.0746	0.2319
S17	1.405	0.1241	0.1228	0.0007361	24.0817	0.2361
S18	1.405	0.1197	0.1228	0.0083836	24.0233	0.0626
S19	1.405	0.1254	0.1228	0.0413886	24.1035	0.3405
S20	1.405	0.1172	0.1228	0.0112488	24.0604	0.1457
S21	1.405	0.1188	0.1228	0.0008243	24.0810	0.1235
S22	1.405	0.1247	0.1228	0.0008077	24.1136	0.2786
S23	1.405	0.1212	0.1228	0.0007552	24.0985	0.4014
S24	1.405	0.1307	0.1228	0.0095905	24.1069	0.0323
S25	1.405	0.1203	0.1228	0.0060130	24.1471	0.0892
S26	1.405	0.1221	0.1228	0.0010384	24.0853	0.0603
S27	1.405	0.1239	0.1228	0.0008028	24.0734	0.1213
S28	1.405	0.1330	0.1228	0.0036431	24.1251	0.1018
S29	1.405	0.1339	0.1228	0.0103910	24.0879	0.0559
S30	1.405	0.1289	0.1228	0.0059414	24.1289	0.1330
S31	1.405	0.1284	0.1228	0.0074671	24.1260	0.0635
N1	1.405	0.1209	0.1228	0.0007486	24.1063	0.2272
N2	1.405	0.1196	0.1228	0.0007641	24.0959	0.0821
N3	1.405	0.1207	0.1228	0.0008939	24.0558	0.1261
N4	1.405	0.1221	0.1228	0.0007172	24.0933	0.0692
N5	1.405	0.1242	0.1228	0.0007116	24.0641	0.1982
N6	1.405	0.1332	0.1228	0.0008266	24.0850	0.0701
N7	1.405	0.1298	0.1228	0.0008519	24.1369	0.1930
N8	1.405	0.1209	0.1228	0.0008045	24.1029	0.1923
N9	1.405	0.1168	0.1228	0.0005948	24.0719	0.1702
N10	1.405	0.1194	0.1228	0.0007953	24.0152	0.1938
N11	1.405	0.1201	0.1228	0.0007580	24.0469	0.1562
N12	1.405	0.1236	0.1228	0.0008556	24.0666	0.1012
N13	1.405	0.1262	0.1228	0.0009964	24.1068	0.1752
N14	1.405	0.1163	0.1228	0.0008508	24.0943	0.0987
N15	1.405	0.1224	0.1228	0.0007042	24.0740	0.1751
N16	1.405	0.1228	0.1228	0.0006829	24.0484	0.1132
N17	1.405	0.1233	0.1228	0.0007416	24.0946	0.0523
N18	1.405	0.1254	0.1228	0.0007229	24.0560	0.0943
N19	1.405	0.1289	0.1228	0.0009433	24.0493	0.0833
N20	1.405	0.1179	0.1228	0.0008065	24.0983	0.1884
N21	1.405	0.1196	0.1228	0.0006165	24.0711	0.1333
N22	1.405	0.1141	0.1228	0.0007901	24.0874	0.2383
N23	1.405	0.1283	0.1228	0.0006966	24.0421	0.2029
N24	1.405	0.1266	0.1228	0.0007151	24.0915	0.0631
N25	1.405	0.1174	0.1228	0.0008075	24.0758	0.1832
N26	1.405	0.1266	0.1228	0.0006898	24.0503	0.5686
N27	1.405	0.1268	0.1228	0.0011639	24.0193	0.2238
N28	1.405	0.1269	0.1228	0.0006987	24.0789	0.1865
N29	1.405	0.1200	0.1228	0.0007037	24.0839	0.1333
N30	9999999	999999	999999	999999999	9999999	999999
N31	1.405	0.1306	0.1228	0.0006050	24.0700	0.2777
